# Saved at 7/1/2021 17:40:54 pm<span title="7/1/2021 17:40:54 pm">..</span>
x<-c(5,5.5,6,6,6,6.5,6.5,6.5,6.5,7,7,8,8,9)># Saved at 7/1/2021 17:43:00 pm<span title="7/1/2021 17:43:00 pm">testing </span>
my.vector<-c(3,7,3,3,-5)